% Intrinsic and Extrinsic Camera Parameters
%
% This script file can be directly executed under Matlab to recover the camera intrinsic and extrinsic parameters.
% IMPORTANT: This file contains neither the structure of the calibration objects nor the image coordinates of the calibration points.
%            All those complementary variables are saved in the complete matlab data file Calib_Results.mat.
% For more information regarding the calibration model visit http://www.vision.caltech.edu/bouguetj/calib_doc/


%-- Focal length:
fc = [ 1359.626279114583895 ; 1358.182553821588726 ];

%-- Principal point:
cc = [ 610.891954433808110 ; 784.344404781719049 ];

%-- Skew coefficient:
alpha_c = 0.000000000000000;

%-- Distortion coefficients:
kc = [ 0.034701875955754 ; -0.005151579984538 ; -0.002317467299823 ; 0.004017749570254 ; 0.000000000000000 ];

%-- Focal length uncertainty:
fc_error = [ 1.947575026991083 ; 1.805011108270240 ];

%-- Principal point uncertainty:
cc_error = [ 3.314607472670807 ; 3.730849402227709 ];

%-- Skew coefficient uncertainty:
alpha_c_error = 0.000000000000000;

%-- Distortion coefficients uncertainty:
kc_error = [ 0.006805851619156 ; 0.025447026060309 ; 0.001132500027670 ; 0.001007630408034 ; 0.000000000000000 ];

%-- Image size:
nx = 1200;
ny = 1600;


%-- Various other variables (may be ignored if you do not use the Matlab Calibration Toolbox):
%-- Those variables are used to control which intrinsic parameters should be optimized

n_ima = 25;						% Number of calibration images
est_fc = [ 1 ; 1 ];					% Estimation indicator of the two focal variables
est_aspect_ratio = 1;				% Estimation indicator of the aspect ratio fc(2)/fc(1)
center_optim = 1;					% Estimation indicator of the principal point
est_alpha = 0;						% Estimation indicator of the skew coefficient
est_dist = [ 1 ; 1 ; 1 ; 1 ; 0 ];	% Estimation indicator of the distortion coefficients


%-- Extrinsic parameters:
%-- The rotation (omc_kk) and the translation (Tc_kk) vectors for every calibration image and their uncertainties

%-- Image #1:
omc_1 = [ -1.329013e+00 ; -1.455482e+00 ; 1.905637e-01 ];
Tc_1  = [ 5.030187e-01 ; -6.900100e+01 ; 2.741359e+02 ];
omc_error_1 = [ 2.289532e-03 ; 2.238829e-03 ; 2.856379e-03 ];
Tc_error_1  = [ 6.765614e-01 ; 7.569149e-01 ; 4.275803e-01 ];

%-- Image #2:
omc_2 = [ -2.047910e+00 ; -1.970769e+00 ; -1.048440e+00 ];
Tc_2  = [ -3.137323e+01 ; 8.884504e-01 ; 1.826845e+02 ];
omc_error_2 = [ 1.784523e-03 ; 3.141481e-03 ; 4.013187e-03 ];
Tc_error_2  = [ 4.468556e-01 ; 5.070272e-01 ; 3.579205e-01 ];

%-- Image #3:
omc_3 = [ 1.976618e+00 ; 2.153937e+00 ; 1.128662e-01 ];
Tc_3  = [ 4.048408e+01 ; -1.427885e+02 ; 4.137747e+02 ];
omc_error_3 = [ 3.288262e-03 ; 3.324633e-03 ; 6.757123e-03 ];
Tc_error_3  = [ 1.055526e+00 ; 1.155842e+00 ; 8.802274e-01 ];

%-- Image #4:
omc_4 = [ -1.981001e+00 ; -1.854622e+00 ; -6.951345e-01 ];
Tc_4  = [ -3.956612e+01 ; 2.138589e+00 ; 2.108686e+02 ];
omc_error_4 = [ 2.000426e-03 ; 2.881611e-03 ; 3.968488e-03 ];
Tc_error_4  = [ 5.147515e-01 ; 5.837560e-01 ; 3.986586e-01 ];

%-- Image #5:
omc_5 = [ -2.101998e+00 ; -1.563819e+00 ; 1.252146e+00 ];
Tc_5  = [ -3.857823e+01 ; -2.968172e+01 ; 3.330907e+02 ];
omc_error_5 = [ 3.161558e-03 ; 1.680845e-03 ; 3.856770e-03 ];
Tc_error_5  = [ 8.200536e-01 ; 9.196108e-01 ; 4.085827e-01 ];

%-- Image #6:
omc_6 = [ -1.293493e+00 ; -1.369939e+00 ; 1.007447e+00 ];
Tc_6  = [ 5.842763e+01 ; -6.016278e+01 ; 3.192536e+02 ];
omc_error_6 = [ 2.568451e-03 ; 2.102965e-03 ; 2.776264e-03 ];
Tc_error_6  = [ 7.930828e-01 ; 8.878342e-01 ; 4.320208e-01 ];

%-- Image #7:
omc_7 = [ 1.483176e+00 ; 1.810994e+00 ; 7.753813e-02 ];
Tc_7  = [ -1.839758e+01 ; -6.936656e+01 ; 2.052406e+02 ];
omc_error_7 = [ 2.293118e-03 ; 2.154575e-03 ; 3.302456e-03 ];
Tc_error_7  = [ 5.067255e-01 ; 5.662513e-01 ; 3.437681e-01 ];

%-- Image #8:
omc_8 = [ 2.073061e+00 ; 2.069041e+00 ; -8.932717e-01 ];
Tc_8  = [ -3.282822e+01 ; -6.080796e+01 ; 2.677560e+02 ];
omc_error_8 = [ 2.048949e-03 ; 2.944046e-03 ; 4.174213e-03 ];
Tc_error_8  = [ 6.614844e-01 ; 7.390177e-01 ; 3.609118e-01 ];

%-- Image #9:
omc_9 = [ 1.633608e+00 ; 1.800884e+00 ; 8.495034e-01 ];
Tc_9  = [ -2.301993e+01 ; -2.915245e+01 ; 1.906872e+02 ];
omc_error_9 = [ 2.709286e-03 ; 1.729199e-03 ; 3.501868e-03 ];
Tc_error_9  = [ 4.671603e-01 ; 5.288574e-01 ; 3.355719e-01 ];

%-- Image #10:
omc_10 = [ -1.438445e+00 ; -1.507365e+00 ; 2.890912e-01 ];
Tc_10  = [ -4.609450e+00 ; -5.772472e+01 ; 2.622551e+02 ];
omc_error_10 = [ 2.272611e-03 ; 2.187059e-03 ; 2.984286e-03 ];
Tc_error_10  = [ 6.430911e-01 ; 7.208076e-01 ; 3.851084e-01 ];

%-- Image #11:
omc_11 = [ 1.702176e+00 ; 1.747002e+00 ; 8.215781e-01 ];
Tc_11  = [ 2.565317e+01 ; -5.999896e+01 ; 2.391354e+02 ];
omc_error_11 = [ 2.824984e-03 ; 2.018496e-03 ; 3.568743e-03 ];
Tc_error_11  = [ 5.959085e-01 ; 6.600458e-01 ; 4.584449e-01 ];

%-- Image #12:
omc_12 = [ 2.165333e+00 ; 1.715730e+00 ; 1.146324e+00 ];
Tc_12  = [ -1.591199e+01 ; 7.681245e-01 ; 1.411776e+02 ];
omc_error_12 = [ 3.163812e-03 ; 1.312974e-03 ; 3.956260e-03 ];
Tc_error_12  = [ 3.484492e-01 ; 3.890716e-01 ; 2.779316e-01 ];

%-- Image #13:
omc_13 = [ -1.954501e+00 ; -1.944728e+00 ; 9.502480e-01 ];
Tc_13  = [ 3.959582e+01 ; -7.360808e+01 ; 3.882645e+02 ];
omc_error_13 = [ 3.194900e-03 ; 2.371854e-03 ; 4.810314e-03 ];
Tc_error_13  = [ 9.626209e-01 ; 1.067620e+00 ; 5.583668e-01 ];

%-- Image #14:
omc_14 = [ -2.125955e+00 ; -2.126534e+00 ; -4.053555e-02 ];
Tc_14  = [ -2.615664e+01 ; -4.595897e+01 ; 3.583503e+02 ];
omc_error_14 = [ 4.664188e-03 ; 5.194826e-03 ; 1.024373e-02 ];
Tc_error_14  = [ 8.788622e-01 ; 9.901072e-01 ; 8.239052e-01 ];

%-- Image #15:
omc_15 = [ 1.747696e+00 ; 1.924994e+00 ; -6.405103e-01 ];
Tc_15  = [ -4.818230e+01 ; -5.443908e+01 ; 2.417294e+02 ];
omc_error_15 = [ 1.893926e-03 ; 2.616663e-03 ; 3.688023e-03 ];
Tc_error_15  = [ 5.932313e-01 ; 6.734070e-01 ; 3.401864e-01 ];

%-- Image #16:
omc_16 = [ -1.028583e+00 ; -2.005631e+00 ; 4.317548e-01 ];
Tc_16  = [ -1.361821e+01 ; -5.244096e+01 ; 2.232009e+02 ];
omc_error_16 = [ 2.014328e-03 ; 2.492572e-03 ; 3.255295e-03 ];
Tc_error_16  = [ 5.403343e-01 ; 6.162876e-01 ; 3.335720e-01 ];

%-- Image #17:
omc_17 = [ -1.821031e+00 ; -1.761720e+00 ; 9.007648e-01 ];
Tc_17  = [ 2.230257e+01 ; -8.315695e+01 ; 3.515195e+02 ];
omc_error_17 = [ 2.949025e-03 ; 1.949436e-03 ; 4.016581e-03 ];
Tc_error_17  = [ 8.751245e-01 ; 9.648036e-01 ; 5.063163e-01 ];

%-- Image #18:
omc_18 = [ 2.092849e+00 ; 2.126135e+00 ; 7.912759e-01 ];
Tc_18  = [ -3.086241e+01 ; -9.641262e+00 ; 2.286159e+02 ];
omc_error_18 = [ 3.090510e-03 ; 1.695680e-03 ; 4.691238e-03 ];
Tc_error_18  = [ 5.587051e-01 ; 6.325025e-01 ; 4.373911e-01 ];

%-- Image #19:
omc_19 = [ -1.364824e+00 ; -1.484911e+00 ; 2.098000e-01 ];
Tc_19  = [ 7.509397e+00 ; -7.957892e+01 ; 2.886259e+02 ];
omc_error_19 = [ 2.305378e-03 ; 2.212910e-03 ; 2.961661e-03 ];
Tc_error_19  = [ 7.170558e-01 ; 8.004315e-01 ; 4.603796e-01 ];

%-- Image #20:
omc_20 = [ -1.627841e+00 ; -1.464414e+00 ; 1.404771e+00 ];
Tc_20  = [ 4.191358e+01 ; -3.000798e+01 ; 3.292032e+02 ];
omc_error_20 = [ 2.841811e-03 ; 1.926573e-03 ; 3.188206e-03 ];
Tc_error_20  = [ 8.106387e-01 ; 9.085943e-01 ; 3.845291e-01 ];

%-- Image #21:
omc_21 = [ -1.513372e+00 ; -2.400830e+00 ; -7.166812e-01 ];
Tc_21  = [ -2.075455e+01 ; -1.097652e+01 ; 2.179463e+02 ];
omc_error_21 = [ 1.525416e-03 ; 3.239494e-03 ; 4.399004e-03 ];
Tc_error_21  = [ 5.284173e-01 ; 6.056115e-01 ; 4.327722e-01 ];

%-- Image #22:
omc_22 = [ -1.931652e+00 ; -1.956441e+00 ; -4.361947e-01 ];
Tc_22  = [ -6.559774e+01 ; 2.699537e+01 ; 2.126682e+02 ];
omc_error_22 = [ 2.212655e-03 ; 2.940567e-03 ; 4.117657e-03 ];
Tc_error_22  = [ 5.208541e-01 ; 6.072920e-01 ; 4.185685e-01 ];

%-- Image #23:
omc_23 = [ -1.404053e+00 ; -1.842799e+00 ; 2.436367e-01 ];
Tc_23  = [ -3.869452e+01 ; -4.730635e+01 ; 2.344073e+02 ];
omc_error_23 = [ 2.217734e-03 ; 2.352566e-03 ; 3.342345e-03 ];
Tc_error_23  = [ 5.721224e-01 ; 6.476836e-01 ; 3.609664e-01 ];

%-- Image #24:
